-,-,-
22, -103, 1076
37, -82, 1082
51, -83, 1023
65, -107, 962
46, -142, 983
44, -131, 1025
44, -131, 1025
39, -118, 1080
48, -105, 1095
65, -102, 1040
61, -100, 1049
46, -99, 1017
52, -95, 1005
52, -95, 1005
56, -108, 1049
63, -131, 1073
56, -122, 1056
59, -116, 1018
56, -109, 993
57, -121, 1013
59, -125, 1070
59, -125, 1070
66, -149, 1047
63, -137, 1015
59, -114, 1051
65, -109, 1042
64, -117, 1029
57, -140, 1009
51, -130, 1042
50, -110, 1052
50, -110, 1052
59, -109, 1029
72, -112, 1007
64, -110, 1001
55, -141, 1060
66, -152, 1092
81, -144, 1038
84, -173, 972
77, -195, 1043
77, -195, 1043
73, -189, 1064
63, -147, 1006
73, -155, 961
76, -159, 1062
74, -149, 1080
69, -154, 1038
67, -160, 1025
67, -160, 1025
67, -145, 1043
73, -127, 1059
73, -146, 1032
86, -172, 1033
103, -191, 1082
99, -165, 1085
98, -166, 1084
110, -170, 1102
109, -159, 1109
109, -159, 1109
100, -157, 1109
99, -141, 1092
108, -126, 1105
98, -111, 1173
98, -132, 1155
89, -98, 1138
86, -67, 1124
92, -54, 1103
92, -54, 1103
88, -98, 1117
96, -114, 1149
91, -105, 1118
92, -90, 1133
88, -120, 1145
99, -109, 1162
99, -109, 1162
77, -101, 1100
68, -73, 1067
78, -96, 1108
69, -61, 1126
53, -36, 1106
44, -20, 1117
44, -20, 1117
52, -19, 1171
58, -2, 1150
32, 19, 1129
6, 36, 1148
6, 36, 1148
-21, 61, 1168
-32, 88, 1109
-30, 104, 1055
-38, 86, 1037
-38, 86, 1037
-48, 44, 1084
-47, 10, 1081
-50, 53, 983
-78, 79, 988
-101, 104, 1051
-101, 104, 1051
-116, 132, 1079
-112, 135, 1039
-115, 148, 941
-141, 122, 904
-165, 113, 923
-157, 153, 972
-142, 164, 1018
-152, 170, 930
-172, 133, 894
-164, 113, 956
-164, 113, 956
-169, 165, 971
-191, 214, 992
-205, 214, 966
-201, 158, 955
-195, 121, 941
-201, 107, 922
-222, 121, 937
-244, 150, 906
-244, 150, 906
-261, 175, 968
-259, 144, 965
-261, 118, 946
-256, 92, 885
-261, 53, 911
-258, 71, 941
-258, 71, 941
-263, 66, 926
-263, 31, 911
-266, -4, 862
-276, -34, 855
-275, -33, 880
-285, -9, 872
-285, -9, 872
-287, 30, 874
-280, 15, 870
-279, -38, 842
-275, -54, 816
-274, -24, 843
-265, -31, 837
-265, -31, 837
-263, -27, 769
-272, -64, 746
-285, -85, 741
-275, -45, 730
-260, -46, 810
-233, -76, 836
-219, -97, 819
-217, -77, 829
-217, -77, 829
-201, -80, 905
-182, -73, 965
-173, -56, 923
-167, -31, 892
-173, -43, 932
-170, -82, 941
-140, -132, 907
-108, -133, 898
-103, -74, 952
-103, -74, 952
-126, -67, 1032
-127, -100, 1016
-90, -110, 980
-50, -101, 1052
-58, -131, 1133
-66, -179, 1105
-45, -147, 1073
-14, -119, 1131
8, -164, 1135
-15, -213, 1106
-57, -209, 1106
-64, -114, 1124
-64, -114, 1124
-18, -103, 1165
6, -152, 1138
-14, -180, 1121
-29, -221, 1102
-15, -224, 1113
26, -211, 1076
31, -190, 1085
7, -184, 1124
-3, -186, 1093
15, -183, 1039
15, -183, 1039
10, -181, 950
18, -142, 1006
24, -129, 1088
26, -135, 1095
26, -104, 1050
52, -101, 1088
81, -126, 1153
81, -126, 1153
88, -154, 1162
83, -130, 1156
76, -89, 1197
86, -73, 1201
92, -125, 1135
74, -160, 1115
76, -180, 1164
76, -180, 1164
81, -159, 1176
91, -164, 1130
90, -157, 1112
83, -138, 1168
85, -144, 1133
74, -137, 1104
72, -107, 1103
73, -76, 1125
73, -76, 1125
88, -55, 1108
97, -74, 1066
101, -102, 1068
98, -111, 1038
91, -76, 1014
80, -35, 1004
80, -35, 1004
73, -22, 1010
74, -13, 998
73, -7, 993
84, -32, 986
84, -32, 986
87, -59, 990
88, -83, 1012
88, -93, 1027
95, -113, 1021
95, -113, 1021
103, -130, 1011
94, -146, 1052
89, -149, 1056
81, -154, 1057
71, -138, 1029
70, -142, 1028
74, -154, 1072
-,-,-
-5, -123, 1007
-30, -131, 1088
-30, -131, 1088
-11, -116, 1111
-2, -104, 1081
8, -139, 1052
6, -106, 999
-12, -130, 1022
-24, -140, 1076
-3, -148, 1074
15, -166, 1022
29, -209, 957
29, -209, 957
14, -241, 984
4, -252, 1021
11, -272, 1017
26, -282, 960
33, -348, 947
33, -348, 947
23, -381, 991
13, -345, 995
12, -300, 1010
5, -289, 1000
3, -283, 1020
3, -283, 1020
4, -259, 1070
2, -253, 1080
12, -236, 1079
8, -234, 1107
14, -243, 1158
20, -233, 1162
20, -233, 1162
28, -234, 1172
35, -225, 1188
39, -224, 1237
50, -202, 1213
41, -188, 1183
44, -200, 1222
57, -183, 1286
58, -146, 1266
58, -146, 1266
33, -136, 1241
15, -141, 1212
20, -110, 1178
22, -129, 1144
32, -143, 1149
16, -114, 1088
-10, -55, 1087
-33, -37, 1026
-33, -37, 1026
-62, -7, 981
-73, 37, 1018
-72, 99, 1028
-72, 141, 1063
-77, 174, 1056
-84, 151, 1074
-84, 151, 1074
-61, 131, 1078
-26, 130, 1154
-32, 176, 1135
-75, 222, 1062
-102, 232, 1053
-81, 172, 1091
-48, 187, 1057
-69, 155, 967
-69, 155, 967
-97, 126, 989
-119, 102, 937
-115, 147, 981
-125, 131, 927
-132, 98, 880
-136, 80, 865
-136, 80, 865
-144, 38, 853
-175, 47, 765
-179, 78, 879
-169, 33, 932
-146, 154, 1112
-146, 154, 1112
-124, 116, 1112
-142, 51, 1024
-143, 18, 1008
-150, -4, 994
-169, 31, 1014
-210, 64, 986
-233, 57, 965
-238, 10, 958
-238, 10, 958
-265, 12, 926
-293, 1, 929
-294, -3, 974
-284, -22, 983
-284, -22, 984
-290, 36, 984
-315, 106, 990
-327, 73, 995
-303, 41, 970
-286, -6, 930
-297, 20, 897
-297, 20, 897
-306, 48, 870
-282, 42, 891
-252, 16, 889
-254, -17, 848
-264, -33, 893
-242, -13, 896
-242, -13, 896
-224, 5, 833
-242, -27, 855
-247, -70, 902
-236, -70, 931
-235, -72, 842
-263, -83, 800
-272, -80, 787
-272, -80, 787
-240, -109, 818
-221, -123, 822
-238, -160, 816
-253, -162, 746
-211, -161, 728
-150, -198, 799
-169, -232, 796
-241, -218, 766
-283, -143, 733
-235, -108, 890
-184, -134, 924
-184, -146, 869
-176, -182, 937
-145, -188, 985
-145, -188, 985
-97, -179, 950
-63, -212, 1008
-76, -222, 1080
-91, -219, 1060
-55, -198, 1089
-32, -172, 1072
-44, -224, 1046
-49, -253, 996
-45, -215, 1016
-29, -178, 1069
-46, -174, 1064
-50, -219, 1002
-39, -255, 998
-5, -230, 1032
-5, -230, 1032
9, -254, 1141
-1, -288, 1114
-7, -299, 1013
6, -267, 976
27, -287, 1144
39, -298, 1200
39, -298, 1200
7, -283, 1138
-15, -234, 1014
-12, -182, 1132
9, -137, 1226
20, -136, 1199
3, -150, 1065
23, -136, 1060
23, -136, 1060
49, -160, 1130
65, -142, 1141
-,-,-
-968, 164, 130
-975, 156, 172
-974, 170, 159
-989, 181, 174
-983, 188, 244
-984, 191, 233
-953, 170, 148
-953, 154, 145
-947, 159, 203
-947, 159, 203
-943, 172, 188
-1001, 166, 187
-1031, 177, 231
-1009, 174, 262
-999, 169, 253
-1028, 179, 290
-1084, 170, 294
-1142, 156, 271
-1137, 155, 297
-1146, 166, 326
-1146, 151, 302
-1164, 154, 323
-1164, 154, 323
-1205, 162, 335
-1329, 128, 320
-1332, 129, 241
-1220, 165, 197
-1213, 189, 182
-1233, 139, 142
-1179, 121, 91
-1097, 158, 34
-1089, 167, -34
-1058, 154, -66
-1102, 91, -47
-1079, 87, 4
-1079, 87, 4
-971, 131, -86
-1033, 143, -81
-1052, 107, -51
-1043, 82, 4
-1033, 96, 15
-969, 92, -32
-969, 92, -32
-924, 50, -40
-863, 11, -33
-887, 21, -44
-1024, 39, -44
-1108, 66, -89
-1108, 66, -95
-927, 94, -95
-846, 95, 28
-927, 62, 90
-999, 71, 114
-1049, 44, 56
-1049, 44, 56
-953, 9, 38
-883, -11, -15
-931, -4, -62
-1052, -4, 67
-895, -4, 151
-895, -4, 151
-802, 4, 114
-970, -17, 30
-1119, -8, -4
-1122, 6, -50
-1122, 6, -50
-976, -12, 137
-854, -18, 134
-850, -38, 30
-1039, -69, 35
-1046, -64, -43
-965, -75, -38
-795, -35, -7
-795, -35, -7
-791, -44, 134
-920, -98, 111
-904, -143, 44
-781, -134, 114
-775, -103, 50
-828, -115, 112
-873, -172, 110
-845, -204, 109
-796, -194, 186
-704, -181, 263
-704, -181, 263
-672, -172, 281
-766, -218, 235
-876, -247, 222
-932, -252, 227
-863, -222, 260
-748, -191, 243
-840, -200, 337
-937, -193, 366
-943, -188, 393
-784, -200, 359
-731, -177, 322
-806, -147, 355
-864, -144, 403
-789, -155, 433
-651, -142, 367
-739, -123, 405
-865, -122, 410
-865, -122, 410
-850, -109, 351
-844, -125, 361
-771, -123, 300
-796, -111, 307
-889, -138, 364
-846, -142, 390
-752, -140, 403
-669, -111, 332
-750, -69, 392
-853, -61, 424
-816, -59, 401
-773, -84, 454
-773, -84, 454
-716, -62, 478
-781, -38, 478
-838, -3, 492
-905, 44, 480
-1121, 70, 481
-1168, 77, 390
-1050, 81, 342
-1050, 81, 342
-1017, 92, 355
-1132, 102, 361
-1179, 114, 385
-1076, 128, 363
-997, 128, 378
-,-,-
-968, 155, 105
-1003, 163, 157
-1091, 169, 197
-1056, 165, 132
-958, 171, 137
-923, 150, 149
-984, 109, 94
-1027, 124, 125
-1028, 131, 190
-1000, 147, 219
-1003, 140, 186
-1042, 135, 151
-1042, 135, 151
-1040, 138, 156
-1070, 156, 112
-1069, 143, 55
-1052, 135, 58
-1085, 155, 132
-1085, 180, 153
-1124, 153, 132
-1142, 119, 153
-1050, 135, 140
-1075, 159, 102
-1121, 123, 51
-1067, 131, 36
-1047, 132, -6
-1047, 132, -6
-1096, 108, -56
-1088, 81, -93
-1005, 83, -81
-960, 79, -70
-932, 73, -81
-1018, 72, -77
-1091, 89, -116
-1023, 119, -187
-1029, 114, -154
-1081, 114, -83
-1081, 115, -83
-1093, 117, -33
-1054, 109, -44
-1012, 117, -85
-998, 76, -158
-992, 55, -199
-1034, 24, -229
-1062, -13, -236
-943, -4, -265
-912, 5, -172
-935, 6, -203
-935, 6, -203
-1020, 10, -203
-1103, 45, -134
-1051, 81, -101
-996, 71, -136
-1034, 18, -72
-964, 81, 26
-942, 68, 34
-942, 68, 34
-1140, -47, -6
-1028, 44, -8
-984, 85, 77
-1056, 40, 36
-1062, -17, 3
-1062, -17, 3
-975, -42, 32
-863, -45, 144
-918, -52, 204
-1024, -74, 170
-1087, -93, 146
-1028, -126, 99
-944, -103, 23
-922, -109, 1
-922, -109, 1
-959, -102, 41
-986, -108, 214
-1018, -48, 198
-980, -33, 131
-986, -36, 93
-992, -62, 52
-1013, -69, 67
-1013, -69, 67
-968, -110, 84
-912, -123, 106
-965, -138, 102
-945, -128, 126
-898, -127, 163
-923, -151, 163
-976, -175, 17
-981, -178, -38
-990, -155, -20
-985, -205, 30
-945, -226, 71
-945, -226, 71
-863, -211, 121
-839, -211, 206
-829, -205, 180
-860, -226, 130
-916, -246, 177
-876, -228, 235
-839, -184, 294
-894, -164, 274
-908, -191, 203
-895, -205, 184
-888, -165, 218
-900, -158, 255
-824, -195, 240
-777, -218, 173
-804, -191, 231
-804, -191, 231
-830, -170, 342
-811, -166, 381
-780, -227, 299
-761, -223, 217
-820, -211, 196
-874, -213, 170
-923, -234, 95
-956, -238, 38
-952, -158, 29
-973, -128, 106
-957, -133, 163
-935, -184, 197
-924, -155, 234
-924, -155, 234
-955, -100, 237
-964, -68, 257
-993, -90, 243
-1038, -84, 203
-1058, -35, 131
-1021, -39, 123
-984, -100, 133
-990, -124, 155
-996, -68, 193
-1030, -13, 232
-1010, -24, 261
-930, -60, 217
-922, -62, 213
-922, -62, 213
-915, -17, 211
-945, -29, 254
-952, -62, 235
-980, -73, 231
-980, -42, 217
-982, -8, 254
-946, -13, 308
-946, -13, 308
-932, -41, 309
-924, -24, 296
-931, 7, 273
-949, -3, 286
-955, -16, 298
-930, 10, 265
-930, 10, 265
-981, 80, 225
-1023, 58, 201
-944, -20, 219
-937, -7, 255
-1025, 64, 296
-1034, 102, 212
-1021, 48, 231
-1021, 48, 231
-1019, 12, 289
-1052, 61, 294
-1085, 143, 292
-1121, 172, 319
-1061, 122, 317
-1016, 100, 306
-999, 151, 243
-1021, 178, 191
-1055, 153, 216
-1035, 97, 257
-948, 105, 257
-948, 105, 257
-922, 111, 196
-1038, 91, 193
-1086, 62, 258
-1041, 75, 311
-1012, 101, 310
-1058, 124, 244
-1099, 124, 245
-1098, 117, 287
